     #Time	                                dt	                            Star_x	                            Star_y	                           Inner_x	                           Inner_y	                           Outer_x	                           Outer_y	                           Star_vx	                           Star_vy	                          Inner_vx	                          Inner_vy	                          Outer_vx	                          Outer_vy
0.015069242894801996440756752804	0.015069242894801996440756752804	-0.014141793956467330409254579138	-0.000006492456743193646542605061	3.627237108023436018555685222964	0.007876249369449750403759935580	13.733756233363434873240294109564	0.004445428843811311155065357781	0.000000394908580970228983747001	0.000000000357500190042824923517	-0.001116061411128183153071424805	0.523100176620704293561914255406	-0.000079670371037317502956563720	0.295430974034690485563459105833
542.492744213085188675904646515846	0.015069242894801996440756752804	0.002074013764707226346178936538	-0.016493778403220280687202503600	3.340189461671223103422789790784	1.581004900991839656754223142343	-3.173573787708339644098032295005	16.811190810733126710374563117512	0.000292119739699243940751066662	0.000294335708888479336692300947	-0.215514430296483844307076083169	0.467625274140575419856702410470	-0.241596025326606872463131026052	0.003594060184229254297644251537
1084.985488425802486744942143559456	0.015069242894801996440756752804	0.017838614173968730947095195916	-0.006410223040345413257623530257	2.537982420093683799677819479257	2.757216684298431363941972449538	-19.453814015470516807226886157878	5.891995461306757775332698656712	0.000175370921627524158211905436	0.000511522900042625972179266558	-0.377589092308768414785191680494	0.342065858456319371594389622260	-0.070721096179913303658715051370	-0.186411013449960305532471238621
1627.493301877781959774438291788101	0.015069242894801996440756752804	0.014338734283581726358658414711	0.010368904332330550199792185140	1.215208946299002557012158831640	3.477687581818993844962051298353	-15.390066245640557696106043295003	-11.907334336013274622700919280760	-0.000003947127186694869425053964	0.000523275928154998950722620599	-0.492638982867441177493361692541	0.164281393356852212228602638788	0.151642812093724543842654384207	-0.145495162354279838901049970445
2169.986046086866736004594713449478	0.015069242894801996440756752804	-0.005359898554038323992276815488	0.012428648724319110371872021403	-0.466054455371534281926670928442	3.634370801276427531689705574536	5.756426222850299367905790859368	-14.112747755024290796654895530082	-0.000070706408460060639212599320	0.000313148294840012990803562731	-0.518143249909528536001346310513	-0.061239464369377272223715635846	0.229239387166317531985271216399	0.142232669767056341125766039113
2712.478790295951512234751135110855	0.015069242894801996440756752804	-0.009307302724523507098108865421	-0.010573575356051436585635983079	-1.954123036142119129721095305285	3.170125354380851412372521735961	10.338647650430360158679832238704	10.131327262535126720877087791450	0.000288052826449554258501223325	0.000291460123356365925252620119	-0.438187475831961548156101571294	-0.261988947949982176055527816061	-0.170661166632469024628804277199	0.225069253593452756057047281502
3254.971534505036288464907556772232	0.015069242894801996440756752804	0.011609365421204650981046313518	-0.014997777311896047514050422933	-2.967721630272730504174205634627	2.215908657826656913414353766711	-11.277382307846183451260912988801	15.053360475826314868186273088213	0.000272422820619379877672694423	0.000643123756315740831464300431	-0.301877990212926106128321634969	-0.412441746967958489111794051496	-0.195095760082020924786050386501	-0.098406174388413786280338513279
3797.464278714121064695063978433609	0.015069242894801996440756752804	0.020549365095151345128599018608	0.000757775899981340240151028720	-3.543259193974180654151950875530	0.774725431573807354901362032251	-20.473684391106690583228555624373	-1.026076252806259470062855143624	0.000016800478704742348310318886	0.000764918352795534170832092435	-0.107563234483672831576228645645	-0.510350676144933901312583657273	0.014600573876117128868656891427	-0.196724179296078383050172533331
4339.957022930568200536072254180908	0.015069242894801996440756752804	0.009182139965837726389152884110	0.015342750364780983682311266136	-3.558900067509956244293789495714	-0.872712633844586749276572845702	-8.556772119960657008164162107278	-15.817053680577183527589113509748	-0.000242887390759581519314794229	0.000640150984144923786665903886	0.118177055185783905222329792650	-0.503722713746849293237062283879	0.219147917515866541560143332390	-0.067959400007680220712202867617
4882.449767156023881398141384124756	0.015069242894801996440756752804	-0.011022753222426432892500081095	0.006572440206611733504171724007	-3.008222252549228148410520589096	-2.233615013437175278454560611863	12.451964628835561654796038055792	-6.218767206962271920644980127690	-0.000194499817741390629418848923	0.000290899610587742863364313362	0.303648755218771382313747153603	-0.408121235321003472673595524611	0.112906252847119734084024855747	0.269411726297013598419027857744
5424.927442138584410713519901037216	0.015069242894801996440756752804	-0.001774085244445617074934840041	-0.014364171290483659926273674046	-1.909285283884254891262344244751	-3.176083169930913108203185402090	2.430823170723790394021079919185	16.003848662931368096451478777453	0.000101862720034770069983676155	0.000423443021501860368972086635	0.445500810421927018190046965174	-0.259893600668479385351616883781	-0.240139027040991243078238426278	0.086131026077476580127267880016
5967.420186364040091575589030981064	0.015069242894801996440756752804	0.016422131157380590732453029545	-0.008816251272634996818955421816	-0.319101942928550874611914878187	-3.635271931961701064039971242892	-17.113947965154739705440078978427	10.327422982194331524397057364695	-0.000030779502121745418846947978	0.000599592936874826336335342347	0.520649179086055458043347243802	-0.048717813939290678659777000803	-0.123638295104653114786508183442	-0.161694809298661007490593988223
6509.912930589495772437658160924911	0.015069242894801996440756752804	0.017174154124716792951810262480	0.008426347564043827967350530628	1.283352087252947137940850552695	-3.476817640073947224266248667846	-18.381834323101976735870266566053	-7.789320252913144670969813887496	-0.000233935457980411788941194073	0.000552416151456151241147529696	0.484886586259846819046970267664	0.169566428112422479257404006603	0.099966139835807071856166317048	-0.177614948009032574960386341445
7052.405674814951453299727290868759	0.015069242894801996440756752804	-0.000934888445013502648872627532	0.016185236994810690835944200217	2.492373069103284155545452449587	-2.767965614721564104883100299048	0.233444416206775640088011414264	-16.132456018878922776593753951602	-0.000346707160424355250068206846	0.000283238036159114115429547009	0.377219942271896424568211614314	0.342628848637538840904426251655	0.250382406092180764822785477008	0.052650400393190292802625407376
7594.898419040407134161796420812607	0.015069242894801996440756752804	-0.013518176635173307850723567469	-0.003910968702926520719487246680	3.313899912466125030618968594354	-1.535594171066344992837571226119	13.174059013227191528017101518344	4.558269187322367521630894771079	0.000011873761025968027475762691	0.000026890651839459607898904364	0.212042817502622521486088658094	0.474872156619808527544535081688	-0.075933309028749118585466248987	0.281691910799710010238072754873
8137.391163265862815023865550756454	0.015069242894801996440756752804	0.004959651293788784783000966883	-0.016150926037098646548262337319	3.659854242493901566035674477462	0.090295247250042204312237004160	-6.293277971209260357454695622437	16.898249261737095849866818753071	0.000218308891288750877082702750	0.000317686051128435219606527262	-0.009772675055445963557265720567	0.521182028598461632995508807653	-0.225849905489414526371660940640	-0.036911868574353690064526745118
8679.883907461871785926632583141327	0.015069242894801996440756752804	0.018236322534817009377583474361	-0.004203601339480389498248769087	3.387892635646920336256471273373	1.602173643266006530794243190030	-20.125071078287238179882479016669	3.925420328112973145096020743949	0.000101656969151344155110130996	0.000483009036979875822949426212	-0.215711169124512769368351428056	0.462875026158951541344066527017	-0.041942811140163391292468020310	-0.192702869833945328315039091649
9222.376651654585657524876296520233	0.015069242894801996440756752804	0.011914551416657480006899838543	0.011904403567358667892506218777	2.534474423690170841183544325759	2.740098447460397323993674945086	-13.244670486151132848817724152468	-13.295604132333052049830257601570	-0.000062929830155639373862226649	0.000452245108414787229562936677	-0.380745052771895797771861680303	0.343838069691124847970797873131	0.179949800548297539348752138721	-0.124821767393210436569717103339
9764.869395847299529123120009899139	0.015069242894801996440756752804	-0.008804736065237316056109051488	0.009857064143249709420313564578	1.110443634504467036450137129577	3.477708688901086642175641827635	8.894391420583842133851248945575	-11.370960183786175790032757504378	-0.000048241860525598689206968478	0.000194681013749735035535740058	-0.498226857216814922324488179584	0.158479626193721329086017135523	0.199734167483981095436718078417	0.200591422774188760103086792697
10307.377209282907642773352563381195	0.015069242894801996440756752804	-0.007109799629570900600383787094	-0.013694367756305779113001896974	-0.536835584132891674435938966781	3.632459084287997796991476207040	7.611419981917408428273574827472	13.263314525654015696431997639593	0.000344229363451405189280873920	0.000286946169504324313705850846	-0.512290768448458111450349861116	-0.066988956247150330258754991064	-0.207343209796861910332310685590	0.171412547453307029243774195493
10849.869953475621514371596276760101	0.015069242894801996440756752804	0.013505984933632607380982193490	-0.014254992031404482497047858658	-1.900505281933721146714333372074	3.201788427484006938072980119614	-13.584482023852645582451259542722	13.979769645481743722825740405824	0.000287197062728338414674261747	0.000622715439237952897780226102	-0.437093773977600130731246963478	-0.259644554999189924870961476699	-0.170092138718410418318782717506	-0.122770093459425119752914667970
11392.362697668335385969839990139008	0.015069242894801996440756752804	0.019996955377853446733649178668	0.002298487406220640124482335054	-2.931829335548113757425880976371	2.208237595959023469305293474463	-20.077863875215228972592740319669	-3.069880335488075040473177068634	0.000044751071199597208458142994	0.000736413500929988026205696983	-0.303653811615967106352087512278	-0.417593400438052986256565191070	0.044023250557292489815175429158	-0.194626150239926243301624708693
11934.855441861049257568083703517914	0.015069242894801996440756752804	0.006208725304060413140161411860	0.015226837035593061495108990755	-3.573453260327097869009094210924	0.695556278103637071197340446815	-5.436438957814684336256050301017	-16.165154634689617552112395060249	-0.000200911709399134421000568396	0.000606195177152893177260906121	-0.099994858244173825956302437135	-0.512534852613261926457255412970	0.240484691814552231647894586786	-0.029737007277278057482128303946
12477.348186053763129166327416896820	0.015069242894801996440756752804	-0.011963769947037992263938477322	0.001949971007909520040110584738	-3.614248503914660570757177993073	-0.905242743587471032640223711496	13.619555242061785804708051728085	-1.772414585643453666108371180599	-0.000071418456374807668144907846	0.000294404871168151840380572404	0.118960003121732799113985379336	-0.498503511991802039649002153965	0.039223200906914112984225084801	0.292800786878683050318272762524
13019.840930246477000764571130275726	0.015069242894801996440756752804	0.001660200028542963912939200988	-0.015727166067382558622966826078	-3.023551688783508328839388923370	-2.203381197721129947098006596207	-0.834485475256210529337863590627	17.140945649467241196362010668963	0.000140823651765109700197825537	0.000513681753537621396676904340	0.302419593063414593459015122789	-0.410529753046264822557986917673	-0.238126625777037137510205866420	0.036669389586090464505652164462
13562.333674439190872362814843654633	0.015069242894801996440756752804	0.018113864543925082412068050530	-0.007302027532112967400657055350	-1.830480361111824327835506664997	-3.162625989612525501115669612773	-18.434254261668669983009749557823	8.599079616053472818748559802771	-0.000037552229786918045278086564	0.000671705787791785453519355364	0.452024185806774725371326439927	-0.258103698710309081842950718055	-0.095993315154390787546923036189	-0.174570639295362511900222557415
14104.826418631904743961058557033539	0.015069242894801996440756752804	0.016182112612896676351326163967	0.010202494586040344176636196494	-0.239270439513124655306341992400	-3.643086160397881467787328801933	-16.886324866320435944544442463666	-9.600840814899960662387456977740	-0.000272209680835978017586496147	0.000601192832804222786376169285	0.518167480299556393319448943657	-0.041540206115272780562630572376	0.130110161582805694546749464280	-0.165520496736670408299829659882
14647.319162824618615559302270412445	0.015069242894801996440756752804	-0.003986020673404320861787919483	0.015037996784016667214944895647	1.240371398878112874086809824803	-3.508636741375273260246103745885	3.805738700431381626998472711421	-14.708439063901783683263602142688	-0.000373293129059884597285151608	0.000278573317105417395285471560	0.481358683979635826322152070134	0.166907800612910772741770415450	0.247061474604989422809708798923	0.110153365657734800264755392618
15189.811907017332487157545983791351	0.015069242894801996440756752804	-0.011778964466450379464101949623	-0.007507398001967299783210307851	2.434932120879615968789266844396	-2.795217216382604341617934551323	11.614640884865080394661163154524	8.704286917799363365588760643732	0.000023203756502320013759997283	0.000098928961461638547638872132	0.381547124111229374321396790037	0.343897918246153677657162006653	-0.138559867228972899422245745882	0.245416171209330208347054735896
15732.304651210046358755789697170258	0.015069242894801996440756752804	0.007702829421759874867214890060	-0.015346326457587334754495422828	3.346192156386580851545886616805	-1.471366046623832302131518190436	-9.074061497552625255025304795709	16.522666305815349119257007259876	0.000137540886355836939995700430	0.000361126586601832075349577389	0.208052153017019791914066217942	0.480235943838442758124784859319	-0.206430980015975762409397020747	-0.070175072114901398956376965543
16274.797395402760230354033410549164	0.015069242894801996440756752804	0.018413210059043966931868752113	-0.001849361512523510714736674210	3.707369689733850393054126470815	0.142041057058310410399215584221	-20.406097472136035975154300103895	1.895499534079570613798182421306	0.000016168609761972120889787080	0.000471741261388557251311298701	-0.012908092783698959377103321344	0.516316601302076239043969962950	-0.013079424599367429904450688127	-0.196896424671156700103580305949
16817.290139595475920941680669784546	0.015069242894801996440756752804	0.009181399961672177464921951184	0.013327605727286138612153187921	3.415369626023679217041717492975	1.562860966668579099092539763660	-10.644235554391578091326664434746	-14.434553044747039152184697741177	-0.000138126446757742506925639714	0.000392418180367441803233635733	-0.211807663303635818063952456214	0.463314525465304050122483658924	0.208168072094401773730609761515	-0.097900178714584465411441271954
17359.782883788189792539924383163452	0.015069242894801996440756752804	-0.011705489932957134635582718829	0.006644681225021068123048895160	2.489475808964464409456240900909	2.703540874648614256159362412291	11.521312104540166743049667275045	-7.772757236896581822804819239536	-0.000031382929873927889962391402	0.000091501173654030828834814171	-0.384457516748655414584590062077	0.347125142179023959965178391940	0.148001765141423630156580770745	0.252233856170912096317238137999
17902.275627980903664138168096542358	0.015069242894801996440756752804	-0.004683691232633317366729208686	-0.015858368853909177165206756399	1.043523648796493841217625231366	3.476776094524958615750165336067	4.595799458428145634059092117241	15.577683770235415394722622295376	0.000357738940630127793315201634	0.000275156151458752745286168162	-0.499041719228900226834610975857	0.153477465000798951599847441685	-0.225467744069061754030869337839	0.117755591512154256239597316380
18444.768372173617535736411809921265	0.015069242894801996440756752804	0.014930558469447290093068403394	-0.013131301699499388704883706680	-0.493145929744628563895503248204	3.673216502884350642688104926492	-15.498749190651626150838637840934	12.661048546741362486045545665547	0.000283208404032417456700626568	0.000585689264455135764377013974	-0.507590525111509260902664664172	-0.063548717048972663823391826554	-0.144804240374941800562069715852	-0.142683918920141317165928285249
18987.261116366331407334655523300171	0.015069242894801996440756752804	0.018912112677606576771616175847	0.003941967154012570272170190577	-1.818093181641277089610753137094	3.248969933440449597839005946298	-19.274483540902391354165956727229	-5.103773594575979899445883347653	0.000055401389941336578884648056	0.000685684967991632586190031695	-0.442074975601541464431676331515	-0.255192452421793336547750641330	0.074308247144341560419533720960	-0.190091709153755145100817003367
19529.753860559045278932899236679077	0.015069242894801996440756752804	0.002697948091253996039107221350	0.014607879816056771465904162710	-2.936176660868893506517451896798	2.182637386018568825818420009455	-1.948150451597685073323873439222	-15.961783867550721538464131299406	-0.000156776230221575518493717927	0.000534680799973777268023489295	-0.306195253761701535744066404732	-0.421829860989176741448147822666	0.255973583373606095037189334107	0.018047173368095886791806492511
20072.246604751759150531142950057983	0.015069242894801996440756752804	-0.012015949195967186649558477995	-0.002869607879581135938262814733	-3.622674970905454205905016351608	0.643234688331584480991409691342	13.676759292278349633420475583989	2.814594203955763873636897187680	0.000063874838750794030433483028	0.000301338506821601946530225780	-0.097678421696756334569045066019	-0.509757570963813577691325917840	-0.037690904172134012672934488819	0.288904458148637854897344823257
20614.739348944473022129386663436890	0.015069242894801996440756752804	0.004755345994118923697024925445	-0.016604074912978623174142356334	-3.639500362733167460049799046828	-0.855665200111177970399012338021	-3.893601225585499925330168480286	17.656364349387597911800185102038	0.000185705816863073396938768611	0.000578260259584818087606750137	0.112165518514811310413215039716	-0.496317337289466697924922300444	-0.228194813279970210029290456077	-0.005318735755495928620162349176
21157.232093137186893727630376815796	0.015069242894801996440756752804	0.019343169826391979487789640757	-0.005830767680373659909986994165	-3.016712883258987343282342408202	-2.124351296319207271778850554256	-19.367316571726849616652543772943	6.746399240232568317310324346181	-0.000020442240005455510477687386	0.000727035196514769091816199342	0.300157120136266331034136101152	-0.417200119826481308216159504809	-0.068451673049533506842934116321	-0.184916058520139814369542818895
21699.724837329900765325874090194702	0.015069242894801996440756752804	0.014768762554401661246661348059	0.011669079312251522118071278555	-1.787894008713138971344847050204	-3.152240947334656873124458797975	-14.941521894390531244312114722561	-11.284710338091672454652325541247	-0.000283681800080483781552331823	0.000647249868689940641847124780	0.454327101553301693215303203033	-0.258107420785920249617362287609	0.161247204053188569750076908349	-0.148941009173947425114903353460
22242.217581522614636924117803573608	0.015069242894801996440756752804	-0.006893400855756327827439378098	0.012889918982475356487582551779	-0.273793277894936293304084529154	-3.676344184607195586522720986977	7.305885680678096072426797036314	-12.407156193904748775480584299657	-0.000361493307333034892461082199	0.000279453089222443001090473436	0.512750090752990939080291354912	-0.043967734915717322785599918689	0.225296397962048977614557543347	0.172371983979155735111632452572
22784.710325715328508522361516952515	0.015069242894801996440756752804	-0.009247091403943688212030416196	-0.010586849445387593732226250154	1.138494423992385318200604160666	-3.570873964167133873814918842982	9.349556597096480459185841027647	12.163630780143366294510087755043	0.000035051890539480083316698639	0.000197803734473122840758010921	0.484101378203477705763901894898	0.158218481785676379214322651023	-0.181683174144326997634379949886	0.197397178206435347513902911487
23327.203069908042380120605230331421	0.015069242894801996440756752804	0.010280398974466559147700195354	-0.014263430417759041454739410426	2.410059889423416201736927177990	-2.792769845716048138228870811872	-11.494916014422187799937091767788	15.783505903183964846903108991683	0.000065779902615800781582114376	0.000426153682927510953255823001	0.388399757995932071175104738359	0.344543978435610964705659853280	-0.185229446571158334888806962226	-0.097690884072612657607059816200
23869.695814100756251718848943710327	0.015069242894801996440756752804	0.018400603385710000148289822164	0.000585346146565342913443974471	3.379406271111422110919875194668	-1.423082441150453680833720682131	-20.294687417307592625093093374744	-0.187310713494554276214998367323	-0.000074836855598902843203848456	0.000484339989634673009737120264	0.207209705071420752231503570329	0.479414939769671255564986722675	0.016381213329609706219613940448	-0.199050109247886852781306288307
24412.188558293470123317092657089233	0.015069242894801996440756752804	0.006171003094428730885445677501	0.014493301867312647149277360370	3.731915111454454425654603255680	0.095464847135675809375321421157	-7.584284780115022606139518757118	-15.216770330196027316560503095388	-0.000222269720880688051835652463	0.000345105662923277209559735912	-0.006149700072454517343900626258	0.511464908306908938584456336685	0.234767047881974805223492808182	-0.062736507421845180698660726648
24954.681302486183994915336370468140	0.015069242894801996440756752804	-0.013646708597379682628703001512	0.002944645168849918930725761967	3.417808257003981609045695222449	1.450148695727262682098057666735	13.277641184263869078563402581494	-3.520030950803104463631143516977	-0.000016014884747470889772309049	0.000025427932240810994395964484	-0.203846411235305446929544359591	0.469159318130367652965873048743	0.077817887633372342937043697475	0.284935430527772315389967161536
25497.174046678897866513580083847046	0.015069242894801996440756752804	-0.002177070888050647474998289255	-0.017120229931354091768014313857	2.475818179092693860354756907327	2.660538224791813455283318035072	1.540140424211991598824056382000	17.144443340523761065696817240678	0.000329736060847590545155177955	0.000264986604539695416987016285	-0.385357903154346759233561670044	0.352183252243288280602939721575	-0.230161790044128677923396253391	0.068916073737646674213230824080
26039.666790871611738111823797225952	0.015069242894801996440756752804	0.015953192105607742756756550762	-0.011631454876508523152423002500	1.066543789911266637560061099066	3.509609720527935294853705272544	-17.037416192760993283172865631059	11.138278474815290763899611192755	0.000255218274928617993007468057	0.000539054424574879776504987561	-0.494531002059450497387871337196	0.155233073140287114455304617877	-0.119382604006014053643625061341	-0.159321024115809145582645101058
26582.159535064325609710067510604858	0.015069242894801996440756752804	0.017324490233868363592284467245	0.005721468729133511767204200993	-0.386102644022399632550701653599	3.725367794223709339007655216847	-18.039509453406871841707470593974	-7.111236996682764655020037025679	0.000043536482630809630216869172	0.000620516154802255208780548124	-0.506246011820749020060361544893	-0.052829902427645722418070306503	0.105955943017410264550548504303	-0.182389989051693096611117539396
27124.652279257039481308311223983765	0.015069242894801996440756752804	-0.001218408291980040657198625098	0.013415297867477676135861131002	-1.751350852829823168121947674081	3.267923069033670468996888303082	1.801215375348519165399352459644	-15.036980051920403766985145921353	-0.000119702885041634895916563830	0.000430412057101855279224456030	-0.450723398550173348642289283816	-0.250013363112130404530830674048	0.260397237526388714012881564486	0.075869628144908426992110150877
27667.145023449753352906554937362671	0.015069242894801996440756752804	-0.011271216730928870081163140071	-0.007401790079690229347264551762	-2.952986866467322002449691353831	2.139159224819374038872865639860	12.695802167561064166534379182849	7.116162424151219134671464416897	0.000187512738498496950084390433	0.000302630932756290955271127885	-0.308700127014197467367750959966	-0.421808383718188961708506212744	-0.104072574168403930716664262945	0.261216269277250945357593536755
28209.637767642467224504798650741577	0.015069242894801996440756752804	0.007412038943617267790220370927	-0.017056820544323572641509656478	-3.631608981560360494000860853703	0.680856240003596679954966930381	-6.680032705286612859651995677268	17.670751033438111932127867476083	0.000233482473118794980632834113	0.000613927780315695744914328280	-0.103381721766184278554767672631	-0.502947310315397522195723922778	-0.213722975112364682592769327130	-0.040711160735238047236883573987
28752.130511835181096103042364120483	0.015069242894801996440756752804	0.020054668487569517199009538899	-0.004353467618587150873843416576	-3.649957482031457534077389937011	-0.716422089956349705808236194571	-19.923321804392671197092568036169	4.776706937350915005424667469924	0.000010154440869689918127772091	0.000758289959743479774663399429	0.099791538627336556777081000291	-0.498898820869821957302292503300	-0.040521860860419499361650963465	-0.193207054540316669477562072643
29294.623256027894967701286077499390	0.015069242894801996440756752804	0.012802927293650087289811345670	0.012780565425212653957176556219	-3.018902160077980845187539671315	-2.047280355959477660121592634823	-12.512845252633141512887959834188	-12.780334670419492226756119634956	-0.000269111309889999287311285192	0.000673346822604091953777538659	0.296893863429098403550199236633	-0.425698561402464537017920065409	0.193116703031699005199683938372	-0.126108923985189941285867121223
29837.116000220608839299529790878296	0.015069242894801996440756752804	-0.009406451840915121959119105099	0.009675763847335160788842856050	-1.811028919809372972338223917177	-3.169764565816309609402878777473	10.399705187938799610947171458974	-9.190578024023301040301703324076	-0.000301050490407350930781998910	0.000285980661653656258180955518	0.450785842353584598196647448276	-0.260900457113340311643412405829	0.180508762321231253089592883043	0.230485648734696374484443026631
30379.608744413322710897773504257202	0.015069242894801996440756752804	-0.006281046992536870599010967453	-0.013111912169732849176018163462	-0.375558483293136957659186236924	-3.725753021398563458177477514255	6.694642968499118218517196510220	14.856132111517091232144593959674	0.000052144391164744490028016416	0.000306695408289034637892150892	0.507635238624100648685555370321	-0.054747030369214022549329001777	-0.206641950575724930860843642222	0.147051042534407733208823287896
30922.101488606036582496017217636108	0.015069242894801996440756752804	0.012647849646193785183578839337	-0.013046838472230039632226983315	1.034207121877130930442945100367	-3.588593135796732447317936021136	-13.563916150496423185245475906413	14.746869968566294062384258722886	0.000015403585792695995452736279	0.000504743631614193335836737742	0.490873694763138079810715908025	0.147056201709056144633080975836	-0.163120867089558502227575331744	-0.120916843247426977758784971684
31464.594232798750454094260931015015	0.015069242894801996440756752804	0.018190126118571275232183026560	0.003004116398449807687903723163	2.389230945577713871585956439958	-2.765866712240630853614220541203	-19.777640040152835609887915779836	-2.319992341385835654676839112653	-0.000157769731985283489421670322	0.000523307797888877346617619857	0.394914436113444566878172281577	0.342519416678782218088628042096	0.047087388507142481641754017119	-0.198896873305172805501683797047
32007.086976991464325692504644393921	0.015069242894801996440756752804	0.002928703367732665013845050339	0.015203302580691212264607514726	3.380923201370367614515544119058	-1.447632784057803156940735789249	-4.081438173740279395929064776283	-15.498777198005674549108334758785	-0.000305538617571696744824871761	0.000312777924555657758660248691	0.211772969664400095846090721352	0.472349916592354646116547201018	0.256777426345110748595601535271	-0.017146997489939700548555734372
32549.579721184178197290748357772827	0.015069242894801996440756752804	-0.014377344100375537977454243332	-0.000948705283219421647428193367	3.727700259053098541528470377671	-0.059747493599040850387194012683	13.950519156178643243038095533848	1.012080773938758948560234784964	-0.000003592498098021354968579447	0.000008346258383121189607166228	0.008535347292042260586297786062	0.508906634004502977930428642139	0.001208092466456239539446260167	0.290934918215185078782525351926
33092.072465376892068888992071151733	0.015069242894801996440756752804	0.000354439086305347755313788216	-0.017625543882123170108533471989	3.436457758614793078777438495308	1.324856438316617923689477720472	-1.400378444089632967717307110433	18.073915104134695042148450738750	0.000271338033955108835510589005	0.000269576064321599691113451325	-0.194326824596860875393744549910	0.478583868432435499684629576223	-0.226162799832614280770570758250	0.026259616555838940360478872549
33634.565209569605940487235784530640	0.015069242894801996440756752804	0.016668197884179024315098871512	-0.009762634943552546060163699337	2.494419856888049125132056360599	2.660594629183328230226379673695	-18.214238354215783743939027772285	9.434070060569613502821084694006	0.000198494464297323855005855675	0.000494827353707484401089400361	-0.381965128176216195399206299044	0.357380922363244202255572190552	-0.093643933248250543766033615611	-0.173500771242987988918216046841
34177.057953762319812085479497909546	0.015069242894801996440756752804	0.015260435803399717558104242698	0.007633480491441925128159873282	1.155361697020865774376829904213	3.539636832596694482333532505436	-16.338039444351419859913221444003	-9.059308909084661465271892666351	0.000006043636119280007369734646	0.000546896816559612410253710113	-0.486373295765740509821739578911	0.164481806479818221111699472203	0.139295876172590371577797441205	-0.170308667832747784309788130486
34719.550697955033683683723211288452	0.015069242894801996440756752804	-0.005269329716729462785573812056	0.011552553879993123636671370491	-0.252960772702346237128523398496	3.738759632296403623286096262746	5.597710439252710834523441008059	-13.225904513351087743444622901734	-0.000090267418505531304409247872	0.000307576233328062651796452887	-0.508659528112192615978415233258	-0.037119369028619571271310206839	0.246897515350741253437050204411	0.140849888402210521309854129868
35262.043442147747555281966924667358	0.015069242894801996440756752804	-0.009949245886833815374905576334	-0.011266202429638768472974774681	-1.686798441753110555652028779150	3.242227690229247283326685646898	10.931326461201660293909299070947	10.835573570176094904127239715308	0.000277159092574474094725772710	0.000291295447686384717175811510	-0.459713330623267246721752599115	-0.243141596538566373553180710587	-0.152800785550279788482797016513	0.219598670518435734599904662900
35804.536186340461426880210638046265	0.015069242894801996440756752804	0.009585397852888163580664659946	-0.017102710681938748660257942902	-2.932769624209436098993819541647	2.157560360828280732192752111587	-9.166840543707236221848688728642	17.276685981726796370594456675462	0.000277303343151256065281934360	0.000617452956780478951284707456	-0.313567406946704596570896228513	-0.414796960711582340941561142245	-0.196711066564265818490397919049	-0.070799375735822886457349056855
36347.028930533175298478454351425171	0.015069242894801996440756752804	0.020214299750356032325804278571	-0.002808715690733069522688758468	-3.619949457716064245005327393301	0.832217141754328149083619337034	-20.099591636795626214961885125376	2.694197316759267213370776516967	0.000044728269606100617419245508	0.000763400818565889566214011097	-0.117694301241880849850929280365	-0.495503763785099526906208211585	-0.011633714604263772560144296619	-0.199579504017266706750177718277
36889.521674725889170076698064804077	0.015069242894801996440756752804	0.010181294615919517232427438103	0.013504087485621072556307709078	-3.659671850716349261745108378818	-0.551150790269812063115750788711	-9.573658313120031237986040650867	-13.986517921385658524968675919808	-0.000238323507907692251411510553	0.000666164491850430298333640700	0.084200842891950011814827803391	-0.505380271296356209376199331018	0.224537303991977466033347354823	-0.094723900104394201382440598991
37432.014418918603041674941778182983	0.015069242894801996440756752804	-0.011261901174503836237095200090	0.005546080672805334121910902923	-3.044765657102805445077819967992	-2.012015703313599246371268236544	12.713520420979795844118598324712	-5.209550017922386366819864633726	-0.000192868840376419261586557474	0.000295849073310896462825347886	0.290905904065226317278813894518	-0.434013689007236358463615033543	0.115011464231328033869239391151	0.271977804401356548780199773319
37974.507163111316913273185491561890	0.015069242894801996440756752804	-0.003186215632525510321748640763	-0.015138041315118498653102818707	-1.877765274424207042613943485776	-3.190122674243074385458385222591	3.901220705241578823319059665664	16.819025759506338602022879058495	0.000081808659712237366892773061	0.000412955404556756915622484083	0.441299087246683374718969616879	-0.268420045563340148309094956858	-0.217866305211658672913443979269	0.099674592938244016560034310714
38516.999907304030784871429204940796	0.015069242894801996440756752804	0.014742395651758999353120316300	-0.011777604347732138767579357364	-0.524397242204182267855117061117	-3.715308105051250198158641069313	-15.292207586198108160147057787981	13.454723205342386194161008461379	-0.000009935875489367055319700310	0.000586594682194109431731809945	0.503680364993895679504021245521	-0.072423465623231028653883356583	-0.140401297315472906035438427352	-0.140975415059158004638106831408
39059.492651496744656469672918319702	0.015069242894801996440756752804	0.017704364680299445461431062654	0.005302696994299964383667855827	0.917711218354644309158629766898	-3.565845849010736756667938607279	-18.827985581931791614351823227480	-4.489248749035736452128730888944	-0.000218738530551854001545211692	0.000579939583941170067916959230	0.499577029993169385857498809855	0.133849414626353913071454826422	0.079640982319765754593454687438	-0.195763715984923258872640872141
39601.985395689458528067916631698608	0.015069242894801996440756752804	-0.000459614863011953574643830844	0.015196811721873955750017337607	2.346315332085556981667195941554	-2.773563319282521533182261919137	-0.220883583084007656394120999721	-15.094964425953129705249011749402	-0.000371290242547776165940587312	0.000297529868846637529904847197	0.401148987733715545189738804766	0.334823157665884607592232669049	0.268978146853133648352951468041	0.040010483762754435466124647292
40144.478139882172399666160345077515	0.015069242894801996440756752804	-0.013897803934613206511272665011	-0.004692035643967045269175919486	3.348046331904691808034613131895	-1.590780026769392341279285574274	13.561663485523830274814827134833	5.393308316682559500065963220550	0.000000664672461899337141456889	0.000039964224291490916868199029	0.224233859220205333784292633936	0.460826576207352345271317517472	-0.067838108792462464835537616636	0.272197185079368353388673540394
40686.970884074886271264404058456421	0.015069242894801996440756752804	0.002887398840597489840104072911	-0.017554693883434391299402932418	3.727635821296283680226224532817	-0.255864679406901107672211992394	-4.141966138667589447663885948714	18.472968404350865512242307886481	0.000198786987709559002327625032	0.000295796909774547606402500532	0.028487278937197942074721623840	0.509873635054404306110598099622	-0.216848741526450533578795898393	-0.010587171129173679820500986182
41229.463628267600142862647771835327	0.015069242894801996440756752804	0.017178601260146846713139368035	-0.007569229857054468428578797301	3.450883797899511495899105284479	1.246715140114011077798750193324	-19.035497981442766501913865795359	7.558846138859085961314576707082	0.000116518477065163318282491056	0.000469123517807593787276587705	-0.183399919180833897991433900643	0.488169499619870272955068912779	-0.067192382517244270134781913839	-0.185725373561493378726794389877
41771.956372460314014460891485214233	0.015069242894801996440756752804	0.012754473178732310748029199488	0.009630891870426316891951046273	2.544492249043011966591620875988	2.657820572641639511601852063905	-14.127862011396054242595710093156	-10.888452772239295640588352398481	-0.000060083473744757596014896134	0.000472426102343764179984642038	-0.371717712306631309360227533034	0.364092211131298082449347930378	0.174262985222513877570094109615	-0.152034998013096583902026281976
42314.449116653027886059135198593140	0.015069242894801996440756752804	-0.009061027945157366578210478281	0.008968197704112756615812962480	1.298711818688222940920695691602	3.510424626474723641678110652720	9.106599924319009886630738037638	-10.449272681088437764174159383401	-0.000064111747714711269513498948	0.000184376335552695721142421603	-0.476414667166897731753749667405	0.181307491319043861954796170721	0.209832781193879713832473044022	0.204555014457168254926600070576
42856.941860845741757657378911972046	0.015069242894801996440756752804	-0.008261026221872143360247520150	-0.014272611274380739634914938563	-0.089011690327223919050325662283	3.692322140086134574232801242033	8.683754741262726284389827924315	13.851357825359503550544104655273	0.000322250114716162024911666473	0.000270957820242868473864517043	-0.513182891250333561572460894240	-0.017741091946465496753670976204	-0.184044068802230315062828935879	0.173421750373920574572750297193
43399.434605038455629255622625350952	0.015069242894801996440756752804	0.011289064078159759610398005236	-0.016710348970878950020102493568	-1.605215598385812070247880001261	3.246780113777768317362415473326	-11.349686210167071465093613369390	16.539377747322618006364791654050	0.000303743617566715792387838091	0.000590223833542116260546250839	-0.467904096666703794848984898636	-0.232517624354459773172720815637	-0.178207625541166703175832708439	-0.096842965711574913179049417522
43941.927349231169500853866338729858	0.015069242894801996440756752804	0.019796866719094741854378938228	-0.001129415567718912395342445443	-2.889556818569722018708034738665	2.273784947033364645108122203965	-19.880839180340501570753986015916	0.502747934032589771646826193319	0.000074366507650640382163023667	0.000740497132423110679920463806	-0.323283112790714310946782461542	-0.401133844004914530412264639381	0.018864436559575196994398282868	-0.203834004865060536282328484958
44484.420093423883372452110052108765	0.015069242894801996440756752804	0.006869522970682826086552541511	0.013780973198880309971148250270	-3.590884373273854013319805744686	1.042540020678712986423875008768	-6.123699472790625542018005944556	-14.753862584997179396850697230548	-0.000201457857446485876212055599	0.000620950154124913565427401618	-0.139063985090557090673613060972	-0.489108582287530180288115388976	0.252754087625388312865482021152	-0.052213863639362964597090410734
45026.912837616597244050353765487671	0.015069242894801996440756752804	-0.012301417232787090205725633041	0.000899237573224280538689012765	-3.664139802846867244312534239725	-0.425418924684475119324389424946	13.988329571112430471657717134804	-0.814972580740203733640214522893	-0.000057253139052019731334002700	0.000303523252190606709563502896	0.066843432091721124987948599028	-0.513492951261512065030956364353	0.039982395682008745052549159027	0.287733406049232087742240082662
45569.405581809311115648597478866577	0.015069242894801996440756752804	-0.000205584894732039626628894435	-0.016742420379083002013320680135	-3.069777586592336238169309581281	-1.986086480830535849761986355588	1.134595868325843914803385814594	18.139814057456312923477526055649	0.000129921983762732156514330129	0.000502791157163213261321876857	0.279357237270401015383214371468	-0.440895894897166407133681786945	-0.219797916787090041879082491505	0.057174539935632762155393038483
46111.898326002024987246841192245483	0.015069242894801996440756752804	0.016499757284959726266748702983	-0.010489268691443126221840564938	-2.007275605727162126612483916688	-3.134245860756684987080689097638	-16.689822188119151746832358185202	11.930636116938039492652023909613	-0.000010181009166865571130707567	0.000663498757847229411396816623	0.426363157449352714323254076589	-0.282425221157342920541566400061	-0.116994252826386313515172332700	-0.158687709653213937510685127563
46654.391070194738858845084905624390	0.015069242894801996440756752804	0.016815188481806415954356026532	0.007403654386715639509897179948	-0.720395909579071180850462496892	-3.647564738993362087882132982486	-17.405694886669742516005499055609	-6.666468669129335999912200350082	-0.000252586932215037975393845393	0.000638519290302576509633925017	0.501501147753181886201900852029	-0.095538215974394602447716806637	0.114535939196166905440499306224	-0.188468563027055613368077047198
47196.883814387452730443328619003296	0.015069242894801996440756752804	-0.003854944377723466993057588326	0.014194344286806839794401469135	0.790729146226289314469681812625	-3.550119285645976230370024495642	3.803010007108311274492962184013	-13.811916752595465140984742902219	-0.000397084770160903172825372920	0.000295873070049180531340682343	0.507767315330117541272159087384	0.118074872710462963620869913939	0.264085426686745727842264841456	0.106645666969511734856190798837
47739.376558580166602041572332382202	0.015069242894801996440756752804	-0.012414675444205955021081955181	-0.008055206509186873739536416394	2.282141901504155967472797783557	-2.871074781275760656740203558002	12.326579671180626363025112368632	9.301073522113647129572200356051	-0.000001202686537734182869562993	0.000113266928387780195551862161	0.409137334059142321329716196487	0.319744321585056945345115764212	-0.121245451361405465195986153049	0.237622920013810856598723830757
48281.869302772880473639816045761108	0.015069242894801996440756752804	0.005400052342784529731123388530	-0.017072767920902745530931099438	3.297280391195038795615346316481	-1.792087308905389919644335350313	-6.646232115971849374602697935188	18.427912862131979210289500770159	0.000125292758726340807545751588	0.000344176915278919732295997980	0.243890632052402883678254852384	0.447541161372192575207407116977	-0.204327357482081639616922075220	-0.042623101444043028085406632499
48824.362046965594345238059759140015	0.015069242894801996440756752804	0.017549407119760423306997765280	-0.005142190773221630428757578102	3.695528660211603977359118289314	-0.425208056928730537826766067155	-19.497333877134735757863381877542	5.516050151048692562483211077051	0.000022977350651473440849847929	0.000472164838163293722195223978	0.051416423781667802694883562253	0.512498836409390201573899048526	-0.039475566214943857978880714654	-0.196197184997363327507713393061
49366.854791158308216836303472518921	0.015069242894801996440756752804	0.009860071946348506269353073606	0.011589964744554178202595728919	3.457461009810689489540891372599	1.183767756296649098501916341775	-11.368049627588300509728469478432	-12.500092251223204442567293881439	-0.000152142336402232372389448090	0.000409137494159737553477834693	-0.168768287039766540225116386864	0.495583569197054707444749510614	0.209968124241659698236972531049	-0.125083273254877253011230209268
49909.347535351022088434547185897827	0.015069242894801996440756752804	-0.012144853652639521143785650281	0.005763131766909949937893742344	2.640954167187043566400461713783	2.583507506945691645228180277627	11.936385490983989043911606131587	-6.813001264795113698369277699385	-0.000042181204312704655005113880	0.000081882684592249005222329428	-0.353771744267311671894304936359	0.374342757105841084097619386739	0.150128696883308071496898605801	0.254163903150653125440072699348
50451.840279543735960032790899276733	0.015069242894801996440756752804	-0.006351327467071676835530524841	-0.016400737294125819487611295244	1.512009978159508660766618959315	3.402390897179456974441791317076	6.203116470715234420651995606022	16.168328625473744608598281047307	0.000325373379071254424134418404	0.000250259097165650651415497174	-0.465829126075144206442502081700	0.205169925271643210917815736138	-0.201496051069851994652637472427	0.128368626876362690314437031702
50994.333023736449831631034612655640	0.015069242894801996440756752804	0.012604028828059245931347831515	-0.015835975556175503620170985641	0.084519427073186936816284742235	3.655006717856731146554238875979	-13.233638424349594586715284094680	15.500850929122810484273031761404	0.000299540896516660546007593258	0.000544620998402773758180483998	-0.518532990781552682868493775459	0.004077568304448736351275339729	-0.158644312150915789416671941581	-0.119895231017986853006007663680
51536.825767929163703229278326034546	0.015069242894801996440756752804	0.018792447508347985551946379701	0.000760532359480281332751727685	-1.522355410253375840312628497486	3.309399561603330042203197081108	-19.237630934908928281856788089499	-1.787898121109300353381854620238	0.000086323483251916707120234007	0.000689064516479969768961155729	-0.474686449430180290587344416053	-0.215998074684584789872943133560	0.051667302461357506038197584530	-0.205368936932676299234046268793
52079.318512121877574827522039413452	0.015069242894801996440756752804	0.002926226107267933772282386684	0.013501486135201726593302318236	-2.812155578890799478841699965415	2.454860037021393548428704889375	-2.224507751249883646949001558824	-14.883852940967067013389169005677	-0.000163276998608713664771704965	0.000537494918508859913751363191	-0.339057739400096258552963490729	-0.382199480767832888705726190892	0.272624767155451142031097333529	0.003231818547813155098613613347
52621.811256314591446425765752792358	0.015069242894801996440756752804	-0.012538907970745466827211522798	-0.003754767822476883041421524823	-3.524257879828343487105257736403	1.236283771690874111470748175634	14.195323344003782040090300142765	3.564622303189987295723994975560	0.000076283961957935103267471055	0.000304164109240394071181912139	-0.165036302053523903365928049425	-0.483809110172663148219385220727	-0.030527744365505683765693589748	0.278173817467805895020660500450
53164.304000507305318024009466171265	0.015069242894801996440756752804	0.002478870072695122696304625975	-0.017954666840348142836658595911	-3.633535886238788314983594318619	-0.320356675659599743344330136097	-1.509765084531662804323559612385	18.911428368930348398180285585113	0.000192412142909781515949171893	0.000561065715045569218984156112	0.047179623302358975056591816610	-0.519400768242683441577867142769	-0.215765599766807009141089679360	0.019611987592020648646373714996
53706.796744700019189622253179550171	0.015069242894801996440756752804	0.017845001306563787468739690212	-0.009179031918648397625482004969	-3.137815395642695293076940288302	-1.890659362954445921189972068532	-17.761057486518243564432850689627	10.185224553297510752258858701680	0.000014128048356944881934200813	0.000726000930335209560678721985	0.259709698914137143699321086387	-0.448051910662665586748687474028	-0.092569528937921682909539811135	-0.174594427601776791547649736458
54249.289488892733061220496892929077	0.015069242894801996440756752804	0.015383740197195770044169549351	0.009251641402777833339543533953	-2.209656633910866307957121534855	-2.998699423473673242312997899717	-15.459700414737007179155625635758	-8.797341342341949754768393177073	-0.000261601500013790440844763108	0.000685205930312039464095963393	0.408094001545283635579153269646	-0.303357111261095435672530129523	0.151950563222087664527748529508	-0.175168244795169930627665166867
54791.782233085446932818740606307983	0.015069242894801996440756752804	-0.007045934604382879037909326314	0.012019865097669031953064866514	-0.936855416827868436868698154285	-3.565714146189764122141241386998	7.664267050316555973665799683658	-11.528512291877797579786602000240	-0.000367574115696324009612550032	0.000299438391388813247157019148	0.500155374624800197480567476305	-0.122374440797595185337343082210	0.235438858816759882808256065800	0.174904953189153694603774624738
55334.274977278160804416984319686890	0.015069242894801996440756752804	-0.010236940785695047145820169021	-0.010979253536505362287556408774	0.677954712013597582398460872355	-3.587022179916187436532482024631	10.524759515231886908281921932939	12.579683871947068496410793159157	0.000004091010881651947987799802	0.000215843240811667820642366644	0.513756582398703698366659864405	0.098454592130178084086189471691	-0.158118391253513596028668075633	0.196387310744931403716506679302
55876.767721470874676015228033065796	0.015069242894801996440756752804	0.007867785333422593757601859465	-0.016317468567225410641663430056	2.188372418316878675881298477179	-3.010911465883809867705167562235	-8.900251355904646999306351062842	18.001341394242945881387640838511	0.000061135669152500421701795785	0.000414073688403995582730382496	0.419847202902026039872396268038	0.297468364002824559033655305029	-0.189779596857823279476562561285	-0.070936155682492826879403935436
56419.260465663588547613471746444702	0.015069242894801996440756752804	0.017778321819775625561854681678	-0.002585861489902942927932016914	3.181451010040142524104567200993	-1.995584082386339996872948177042	-19.583298581949168948312944849022	3.307359819513756793440961700981	-0.000067563248752522652709404105	0.000503101312894798551392239183	0.269236873374173124595643002976	0.432941351902650650718129554662	-0.009814228700145602446447412603	-0.204795701152461762095668973416
56961.753209856302419211715459823608	0.015069242894801996440756752804	0.006634350610156138083883803347	0.013278066920131842074126460318	3.626399147093563701815810418339	-0.572321236129617383348033854418	-8.038253950945115633430759771727	-13.743321889172694483249870245345	-0.000254648773609303575617135440	0.000367001564419660740359180329	0.076483908223673902071482189058	0.514173969179864576162231060152	0.243955404891940841327624411861	-0.086493460999671881173078702432
57504.245954049016290809959173202515	0.015069242894801996440756752804	-0.014151999976010555537531132586	0.002210734911779828511246837053	3.480827090521360300812148125260	1.066210670463685339370840665651	13.788289734848106604658823926002	-2.635974322210005382771669246722	-0.000032249483103732645749087138	0.000021880241780713540237449793	-0.147407681540672103048805752223	0.500174960899420040227880690509	0.077930871583156507975687077305	0.279366348256488872259239997220
58046.738698241730162408202886581421	0.015069242894801996440756752804	-0.004300475981363417396496906520	-0.017724207330563488543839767431	2.821947929092408546836168170557	2.416688089287184038056466306443	3.661714288107809522898605791852	17.850392275737021918757818639278	0.000293793401515365969547954883	0.000237023434836971738518332509	-0.329428019077285971771829053978	0.390201351230565318672915964271	-0.209243559575617660284407861582	0.086836554509216040687036297641
58589.231442434444034006446599960327	0.015069242894801996440756752804	0.013647678472451874390203307996	-0.014472414679064174100608930473	1.746894895508378953152828216844	3.277293073195934880459390114993	-14.825075263869434749608444690239	14.185009032224124680965360312257	0.000261893243657610494228016318	0.000498904254962961109416685890	-0.455558712418988986936341234468	0.233788836083935885890028316680	-0.138047723752243944872475367447	-0.140766951112863275552555819559
59131.724186627157905604690313339233	0.015069242894801996440756752804	0.017230269495170733723421463424	0.002923549651078616046923075444	0.230148991789458828849390670257	3.642763899013591544218115814147	-18.125289619561925746893393807113	-4.154437818653736513851981726475	0.000065611375692022975265015050	0.000617115767529939130732474784	-0.521648208527274226398162682017	0.028087669942613423951227602515	0.087433558249595408340404389946	-0.203054943568220735983231861610
59674.216930819871777202934026718140	0.015069242894801996440756752804	-0.001459942171271715440419858290	0.012535000802575257256021856733	-1.413549213334633458671873995627	3.409511027368747004828719582292	1.953184929714180118054400736582	-14.156871292505714521325899113435	-0.000126470618570153812108836089	0.000419042342533534092723079834	-0.480931192315544431270524228239	-0.191882385930029403242613739167	0.276533390373365384196091554259	0.070378714608198181257314729464
60216.709675012585648801177740097046	0.015069242894801996440756752804	-0.012130241086655755428092007264	-0.007992410437788224214505916621	-2.659740689768198329545612068614	2.636735559288128971644482589909	13.508208722525587575091776670888	7.586115670399017574254685314372	0.000186500692221425965486650278	0.000294353824625110511124803647	-0.360120724343118536747709867996	-0.359230786166636784084715827703	-0.087616683798778086100789153079	0.251153065408426134919039895976
60759.202419205299520399421453475952	0.015069242894801996440756752804	0.004770998555508276783854171299	-0.018738895415854366771624128774	-3.395071603324838260817841728567	1.418612698034547481285017056507	-3.983191219566099672277914578444	19.212573965142940579653441091068	0.000253878857632493422098046709	0.000580902118196516487405589579	-0.194071815948843318100358601441	-0.477528088650098159195778180219	-0.207943865404852712419625504481	-0.013713066996100602493169340335
61301.695163398013391997665166854858	0.015069242894801996440756752804	0.018688735045261885975298454809	-0.007793861594581548944693505376	-3.619594496638977698665939897182	-0.178707584529052887489797285525	-18.500989701046339774848092929460	8.221048594262677866595367959235	0.000056911476250692424568630029	0.000760752865117150399096312974	0.023243574626163207574869318250	-0.521699063485738578904715723183	-0.066601567625927282634279436024	-0.188961033433872993558821917759
61844.187907590727263595908880233765	0.015069242894801996440756752804	0.013278544648802643318719063359	0.010782594336902623366469811117	-3.273087699023549568266844289610	-1.709301991277309307193377208023	-12.935157833041818875585704518016	-10.787768079271035759347796556540	-0.000248824667493793827682119213	0.000708283428169382742699278221	0.231913163545407918775254074717	-0.457395397146789506326314267426	0.191313151403768422209594746164	-0.153229870383623595353483892723
62386.680651783441135194152593612671	0.015069242894801996440756752804	-0.009757444546465193074835653420	0.008730169252664775683681064322	-2.449960636266671265559580206173	-2.821705512215396893793695198838	10.958835528192633290700541692786	-8.303862698081257320836812141351	-0.000285013010413198654337957327	0.000304469893519188517395229754	0.387870654815246906910175539451	-0.330050801477305755238234041826	0.182539551519310117022598660697	0.231814870325431521269621271131
62929.173395976155006792396306991577	0.015069242894801996440756752804	-0.007698872714019691296249980894	-0.013505195768175567647140233873	-1.112026685553751947921341525216	-3.505382724192426913134568167152	8.400960270592920053900343191344	15.202288400979851346050963911694	0.000030879973785313940951892386	0.000327102041224783799712449994	0.497699063358906179654894685882	-0.150922988766045679254190758911	-0.181384014620291161845599958724	0.154463024108643820486719278051
63471.666140168868878390640020370483	0.015069242894801996440756752804	0.010245697918569950796152667749	-0.015408411275949274177321512980	0.555430812085035530145660231938	-3.631356938129684852611944734235	-10.903237350128323512876704626251	17.234473222235092038090442656539	0.000018413060387443189159194235	0.000502595606860694612237627776	0.515868929949874988061253588967	0.073013115961627753081053526785	-0.173759825846417331751680990237	-0.096495694212570412573448663807
64014.158884361582749988883733749390	0.015069242894801996440756752804	0.017808415614812417304690939091	0.000007939507527595379303203202	2.002895968609111676528300449718	-3.161781903197929732840520955506	-19.261951758072950013911395217292	0.938381967921494419826444755017	-0.000145593119184745907815359267	0.000556051479775710052154413798	0.434167223403545354809551781727	0.268356660856851392260580269067	0.022572937279908330404643024281	-0.211004447962247043690808823158
64556.651628554296621587127447128296	0.015069242894801996440756752804	0.003127520022405369179430145721	0.014376209838572904728404289187	2.995027510642652046612965932582	-2.189745163587125897919349881704	-4.174242075270020890798150503542	-14.409825707299757979740206792485	-0.000344155773616276793383517152	0.000344536438466279176708745302	0.298594291767660391379024531489	0.416767584461156026520711748162	0.271249118195285576771169644417	-0.033785690997907978638803427884
65099.144372747010493185371160507202	0.015069242894801996440756752804	-0.014931604296587217689529225595	-0.001372425119302164752202455311	3.552756992862016183210016606608	-0.744899363176344087023039719497	14.583735061574547131613144301809	1.661264420645480299754126463085	-0.000036636301361323468726415714	0.000018742203559097696556265400	0.104261418586085036208643828104	0.512197396027934126472302978073	0.007172818708327141808134275180	0.279055063750191234550612762177
65641.637116990736103616654872894287	0.015069242894801996440756752804	-0.002131898245656113632939820945	-0.018356855243259972976233029840	3.572368029048266446778825411457	0.873499555514868353256474620139	1.164472528820800878435193226323	18.975434816356685274740812019445	0.000234604642752192418114765005	0.000240433607816916582915547917	-0.118035743554730870874536208248	0.503619252745207468535681982758	-0.210512486036843804448892569781	0.049303142423427682994319098952
66184.129861445384449325501918792725	0.015069242894801996440756752804	0.014522252639349465114237958119	-0.012654882416239370337973646485	3.031900962958555378889968778822	2.201642801635364410373085775063	-16.126338154328468732501278282143	12.602406491955072453947650501505	0.000196781506098873406555155308	0.000466686924725781635686638893	-0.300782750206332216702520554463	0.410873358662452448086810363748	-0.116157623102344051413403747119	-0.160027785068966088566355665535
66726.622605900032795034348964691162	0.015069242894801996440756752804	0.015175058651931928530021131962	0.005350184570039001261121391906	1.943723967769253269111118243018	3.146830028096218256905558519065	-16.484620647827121331374655710533	-6.548925508311198129263175360393	0.000006094045817897866873437841	0.000541846546039566551514199411	-0.444116312514799105315432825591	0.264792190781278247158070371370	0.126589528720047417298388836571	-0.195051189998447949136561874184
67269.115350354681140743196010589600	0.015069242894801996440756752804	-0.005922504788193331225210069846	0.010804628702577321122668685405	0.365032489842181173678170580388	3.635181010122011446838996562292	6.097162307554912175078243308235	-12.411106352728465296308968390804	-0.000096531031848243959770684841	0.000279951059398289255671782305	-0.520004954537000019243464521423	0.055498516402253471324623745886	0.256857643438866412033405595139	0.142067757900461971720673659547
67811.608094809329486452043056488037	0.015069242894801996440756752804	-0.011278228368457123703683109284	-0.011557314026450566518677831596	-1.211644426225395365648296319705	3.502879659808610490756564104231	12.181756455366233637960249325261	11.062598044225996574141390738077	0.000262651301671467296474510311	0.000271248838731468963885590240	-0.487195573627345335232519119018	-0.159399889250864956746767120421	-0.129369671555322168776669400359	0.215532252008480806892976033851
68354.100839263977832160890102386475	0.015069242894801996440756752804	0.006667396658734630124354403335	-0.019035651352380823092547146302	-2.412348437233548636982050084043	2.826106683247490813926106056897	-6.264759924838436688787624007091	19.102125454054743158849305473268	0.000298806132365235402152670030	0.000568160693103118689430142130	-0.385791789436209675567823751408	-0.332768100695076451955856100540	-0.197620447593457954083007166446	-0.043704966086414158421558084910
68896.593583718626177869737148284912	0.015069242894801996440756752804	0.018960429287459883151978345950	-0.006220866359275152406016484719	-3.263460596278866532315987569746	1.609505252702043920365326812316	-18.892344149574515910217087366618	6.037208300046209785705286776647	0.000100908740551313295713727058	0.000757835467124551927405040619	-0.224960351158387000802818533884	-0.468771723850119281795656434042	-0.038391099055593042033152073600	-0.201751322299122404224647198134
69439.086328173274523578584194183350	0.015069242894801996440756752804	0.010386014323030316741647283152	0.011911512544452438830400176073	-3.650114869568117814679908406106	0.018519037000321710018102550066	-9.791054904178995599295376450755	-12.488157439221907907267450354993	-0.000218029038083877396659790437	0.000693733486107888730823334278	-0.006823576373320291814372762218	-0.519664063033461243179544908344	0.230523557720340999122043967873	-0.119337748341113797367896154356
69981.579072627922869287431240081787	0.015069242894801996440756752804	-0.011757052093379844262543976185	0.004636918018266746911726361446	-3.445499196994944224314849634538	-1.466653059113478319019918671984	13.352399266272252376097640080843	-4.420090097385863892043289524736	-0.000165518645265052486955162370	0.000311781568519070378074642402	0.197327224543591972505396370252	-0.469803664000525644794947766059	0.114368499286303687556554109506	0.265997591867309757240889211971
70524.056747839669696986675262451172	0.015069242894801996440756752804	-0.005096886844505084911138848014	-0.015670900386849411639600404555	-2.647873937386114651104662698344	-2.621832630963096821830049520941	6.134085717775100476956140482798	17.207275212655321894317239639349	0.000081473903212618057462744703	0.000424863331271762721588064471	0.365122035013095314059938800710	-0.360359542699128287956966687489	-0.194707537910648570411709101791	0.114724217050452312327557535809
71066.549492294318042695522308349609	0.015069242894801996440756752804	0.012439538636298905910360090843	-0.014435517347802807527901158835	-1.270179577771466172819714302022	-3.424134930238441398842041962780	-12.655637140964699938194826245308	16.152887189480658491902431705967	0.000009251286046531178002948897	0.000597913697822854126907865524	0.490010384696857814734727298855	-0.181889441967082648998754734748	-0.156416444666326343027051848367	-0.120060696509051045843818883441
71609.042236748966388404369354248047	0.015069242894801996440756752804	0.017542657383544893456850388702	0.002547558054091412886588141617	0.340171619086542531551486945318	-3.672025765362310067985163186677	-18.485598033191610767289603245445	-1.570221668668292602788483236509	-0.000202885809624864986650330523	0.000624329523421579589761987172	0.514835540849190254064637883857	0.038635932494842387119327042910	0.058458481809683722485448953421	-0.213772893761476068252846971518
72151.534981203614734113216400146484	0.015069242894801996440756752804	-0.000559319468437882087556711763	0.014552759799229281895138754521	1.704232465243150640432645559486	-3.317404315927129143659612964257	0.075854116293606416165928862938	-14.257196189634168348447929020040	-0.000400289336585690270521598055	0.000333793721361167990743096246	0.452474950321896940419463817307	0.232550488247694531196430034470	0.283998688871553495172150860526	0.032630582874145552807476633461
72694.027725658263079822063446044922	0.015069242894801996440756752804	-0.014586850819135467952070150943	-0.004768734880325834098180326492	2.781031259062117122482504782965	-2.400957874426584925942051995662	14.453522768564512901434682135005	5.716268723395527828756712551694	-0.000044561202087591333172601066	0.000069725685065249740969030301	0.331256074718415283175687591211	0.397458548720043103319454758093	-0.052489472764556538431079957263	0.259982400128517754378520976388
73236.520470112911425530910491943359	0.015069242894801996440756752804	0.000164636808529929437074079690	-0.018444422635458316422907287802	3.524276870657634841421668170369	-0.949797284164466959488493102981	-1.227770894499875531380439497298	19.613132991842601171583737595938	0.000159078320161667573912067652	0.000272438017116518335983266219	0.136260922457723754330771726018	0.504813075485839979350544126646	-0.207506999209676995521434150760	0.015406785883395368239034972646
73779.013214567559771239757537841797	0.015069242894801996440756752804	0.015294995951221839608491492868	-0.010440445235501472076578011183	3.680200701820201203418037039228	0.614300822881058916635765854153	-17.130244997800133432974689640105	10.757080303355701644818509521428	0.000111112213433068069833205282	0.000456482812109493827149031553	-0.079920058118509731959200337315	0.506561060407179852838055467146	-0.092512069588791670526894961313	-0.177985369737962084712989963009
74321.505959022208116948604583740234	0.015069242894801996440756752804	0.012681245112099724312026971518	0.007921623175520902532253941786	3.207798478992152979571983451024	1.936186910693131535410316246271	-14.249730454993461137291888007894	-8.881160968102204122942566755228	-0.000084685833992666410298399970	0.000477496864580149061197539284	-0.267578233332780024422703490927	0.435215343230995921341985877007	0.168862400671229595516820154444	-0.178644498562075176861796421690
74863.998703476856462657451629638672	0.015069242894801996440756752804	-0.009946347261022241495465046057	0.008363690350565363210155744866	2.102810417677658527679795952281	2.991466722449662718474883149611	9.793602498317715898679125530180	-9.660395492962409846882110286970	-0.000079678307150898904239431919	0.000150568230638109480570147047	-0.428222282778358942501029105188	0.297204786731158299151189794429	0.211715029382293168369599811740	0.205281983873396273176936688287
75406.491447931504808366298675537109	0.015069242894801996440756752804	-0.010140882538861714298739080675	-0.014326112649189707420882555766	0.578560896677877467553230417252	3.602125252923694453954794880701	10.453856276192787788659188663587	13.934431126449837279324128758162	0.000296922275144985111424572599	0.000236349957400694703386900830	-0.511850914549760949157075629046	0.089715795986404611728204372412	-0.157901637742914130457805299557	0.177513913901906184023005152994
75948.984192386153154075145721435547	0.015069242894801996440756752804	0.008216533524350476055952974264	-0.018800541939373700828230795423	-0.885448152321893000582520016906	3.610591599243261562435236555757	-8.345355634862256621886444918346	18.620852851193014032560313353315	0.000318486077655934837066231680	0.000533141615657456327363739046	-0.495240440989071384336739356513	-0.118369097282300841933455615163	-0.185472948954790162190420232946	-0.071202481404250311802783812709
76491.476936840801499783992767333984	0.015069242894801996440756752804	0.018645869815841532163291915936	-0.004333826653926372944602984916	-2.129740973710079199321398846223	3.017223468725318547001279512187	-18.902161890595028381767406244762	3.638194477019470962630975918728	0.000125267210329638476818195358	0.000720638804269173728449249250	-0.414645473905165762307234444961	-0.302563507705511491874261764679	-0.007122001731305520680348486451	-0.212537508506395078633488537889
77033.969681295449845492839813232422	0.015069242894801996440756752804	0.006666320109288673481651166242	0.012538313857874492512900488350	-3.158768148680046738974169784342	1.813883560412782092186034788028	-6.040138439662960934128932422027	-13.682579710587434718149779655505	-0.000179016169292251327901238644	0.000628420244072872458303280485	-0.257933159017320667860673211180	-0.454443667006854012946348575497	0.264827422224666098049539186832	-0.070421381389547177409582445762
77576.462425750098191201686859130859	0.015069242894801996440756752804	-0.012987961256166103210518691924	0.000197989290848708538849559657	-3.695943038983014794496284594061	0.269691370729158330643571162000	14.717312627802121127729151339736	-0.288233037662519453458997986672	-0.000029785323289154046677226773	0.000315857849081118628297576434	-0.044847286214169723717049009792	-0.513610045378987134512271950371	0.044639322099180180070110424140	0.274842457657350047739441833983
78118.955170204746536910533905029297	0.015069242894801996440756752804	-0.002636182331490149501063147142	-0.017476188130686295257865126018	-3.566945024236422234764631866710	-1.157152654181444972891767974943	3.830590892838496408501214318676	18.660562721446968481586736743338	0.000147362048149355789059336552	0.000495282804878044739457787493	0.156203248470762973143521890051	-0.484021778457959794828013855295	-0.201200233904289954578459287404	0.077955524391237568382351241780
78661.447914659394882619380950927734	0.015069242894801996440756752804	0.014313689247362988699041608243	-0.013406136319458930583614630905	-2.795412153460012927297384521808	-2.386203105755973830071070551639	-14.162958475339122443870110146236	14.763374269970984897781818290241	0.000034223343379604699056317774	0.000678746332312134986221308086	0.339497455125159885991337205269	-0.390584019428937501139387222793	-0.137519290295353480146900437830	-0.142281376706669682175032676241
79203.940659114043228328227996826172	0.015069242894801996440756752804	0.016818426077482909880567163441	0.004944141631475067535927969686	-1.463989331347445244091431959532	-3.327844123506516371691077438300	-17.186440638097341349066482507624	-4.184764957647605143620239687152	-0.000230031516904088522692747865	0.000694253530546921969295037780	0.475756388554684661595928218958	-0.214364048012002289533839416436	0.098606544200703777347527534403	-0.211295940131371484671518601317
79746.433403568691574037075042724609	0.015069242894801996440756752804	-0.004229324103250074740056874134	0.013545468719170028829013041616	0.014755990843463856129758049462	-3.707927623648223924845979126985	4.427681671110673455871165060671	-13.084679670131665218946181994397	-0.000407338567967958020080848636	0.000330513065830854871427618713	0.511466490387072147960623169638	-0.002865806074845829443109579415	0.273722338605877413275635490209	0.106557128337684714480815273419
80288.926148023339919745922088623047	0.015069242894801996440756752804	-0.013389748477319740951885229663	-0.007903989153581550408667055763	1.363825682022378860125400024117	-3.473681560565250237004875089042	13.623365430082003513234667479992	9.323038807872990219038911163807	-0.000041292043953460016026801166	0.000156161637442472136247731407	0.472834801703165885644608579241	0.193248866787707529457662758432	-0.098307215010264806243078794523	0.230546946989842738151565981752
80831.418892477988265454769134521484	0.015069242894801996440756752804	0.002589133337884028454589646628	-0.018174382322384382421054382917	2.604879970136672273639533159439	-2.581296141860202730811124638421	-3.493224181285565332899523127708	19.818649650496148240108595928177	0.000088703611646186465689543910	0.000339144310437366667231040562	0.362816111931891838171537756352	0.375053921289835057173434051947	-0.201593730415921462695294508194	-0.015645157935150377087607509452
81373.911636932636611163616180419922	0.015069242894801996440756752804	0.016008866642280145803356461442	-0.007909160894044644021794177036	3.492913812810554574639354541432	-1.175704454735307491475282404281	-17.822264842631952319607080426067	8.640397186449353839066134241875	0.000014339168612468765749592796	0.000476973353198918356699032017	0.171380259584084010393567609754	0.490773865859796820654281646057	-0.066344039364570575600943413974	-0.194731359278171728410811169852
81916.404381387284956872463226318359	0.015069242894801996440756752804	0.009766994933382391538834177425	0.010424581198323762398771918924	3.738752041091569999764487874927	0.290370068033780237559682291248	-11.354734303187521859968001081143	-11.011332620194711040539914392866	-0.000192668938499664842362371631	0.000429360887953907717669299604	-0.035872431844400164135944208965	0.508569134123056154628272906848	0.212644937270817069308037616793	-0.150164301661562027412344377808
82458.897125841933302581310272216797	0.015069242894801996440756752804	-0.013052086696448922040203477479	0.005395668941373362240132571799	3.318042463323222612814333842834	1.624328211896682194748109395732	12.684381932207754672958799346816	-6.140722469553479001547202642541	-0.000075853756946105371609945234	0.000063555762455694945231403359	-0.231166798149936847384111615611	0.459581635466617843821524047598	0.148704320504750714393438215666	0.247847285526974048242010439935
83001.389870296581648290157318115234	0.015069242894801996440756752804	-0.008760231562860969906081365366	-0.016285452601921195786571772146	2.283355330036298980189712892752	2.813503083343788624404169240734	8.496559401723310145371215185151	16.223841634856153604005157831125	0.000284575460472936329989895876	0.000203547513722925332022364864	-0.406485477363441816134326245447	0.329057062180047987798303665841	-0.176511672818668918782947230284	0.140225305991786536319310130239
83543.882614751229993999004364013672	0.015069242894801996440756752804	0.009509255634230022111164082332	-0.017997291450516195859821166891	0.885044299140436030448597648501	3.574012535625092024105242671794	-10.230179205313501000773612759076	17.790042872013160035749024245888	0.000306287618900577519008565641	0.000486983194709666219329724512	-0.498561767606934713725763685943	0.129427337785081336685166775169	-0.171695355767903901078597073138	-0.097026454359199293397963970165
84086.375359205878339707851409912109	0.015069242894801996440756752804	0.017779174254994471737756356333	-0.002039152565876037673242571202	-0.508202848024857045672320055019	3.702111645955420193843110610032	-18.479434096233653406216035364196	1.028432247171218394399261342187	0.000116966600683820343012722653	0.000662403444050123379506500587	-0.503727342448207160430229123449	-0.072540472348934889601501652123	0.028249313714521068902074674156	-0.220383796076470378499934099636
84628.868103660526685416698455810547	0.015069242894801996440756752804	0.002241169062411586636318627797	0.012559344465038629196085295803	-1.871370482148582592429875148810	3.172342627330226427773141040234	-1.788295795643627839055511685729	-14.111369049564592259571327304002	-0.000146720721654740147857701182	0.000513943444487312403254342108	-0.442750335951897666664223152111	-0.269715964893020410109159001877	0.286321430434210211224410613795	-0.005767314303201018926836596279
85171.360848115175031125545501708984	0.015069242894801996440756752804	-0.013574472556993476268782927718	-0.004134646905604645594767276862	-3.058018601043638096115273583564	2.006943725473855799634748109384	15.140936715928937417174893198535	3.731963422582112333003578896751	0.000098952650897159288444389358	0.000303320231939917240009813026	-0.290768676830735373073366645258	-0.433231366111555382669706659726	-0.016637236471287134009777730626	0.263914170146769488933813363474
85713.853592569823376834392547607422	0.015069242894801996440756752804	-0.000437188915003418386660133388	-0.018890857928615643196446072238	-3.674961175103355515147995902225	0.589638238148357585188819030009	1.558508528847753593638003621891	19.620034251463010832594591192901	0.000219091443752049137676241042	0.000533052207618710965388031386	-0.088737365278780788724333206119	-0.503121012803961820125664416992	-0.203028554937966981830399504361	0.044093985735661762881409941883
86256.346337024471722543239593505859	0.015069242894801996440756752804	0.015748019959660550931568323563	-0.012245775760031000350958052536	-3.630036724725330454788263523369	-0.783447127819948185845078114653	-15.416154809854281992897995223757	13.067482080843907610301357635763	0.000079587025245656987200090771	0.000729777448415699675661472146	0.110978134767870439958414863213	-0.498285962851564068198939594367	-0.116634676008557605642046439698	-0.163511004701398954264135454650
86798.839081479120068252086639404297	0.015069242894801996440756752804	0.015425222353166184383055359319	0.007119812367362346808286055477	-2.942536904246469742219005638617	-2.131689517924720167485475030844	-15.283732106303620668086296063848	-6.822901815409425196889969811309	-0.000224799999923585636703998736	0.000742895487229376671502178997	0.308821352429214990298333987084	-0.419770072415371398033556715745	0.143107797100446715310440026769	-0.200767207827620197679863167650
87341.331825933768413960933685302734	0.015069242894801996440756752804	-0.007580207713162397456518881711	0.011278098334297995825048488427	-1.743085827958106737156640519970	-3.224299877395089275466943945503	8.465557859593573653000930789858	-10.853407780081708366992643277626	-0.000355803785236221119941957269	0.000335872214119663052567243966	0.453699194506355041323075738546	-0.250701549361122211223573685857	0.237013179811656565787458816885	0.175148262322266018431449197124
87883.824570388416759669780731201172	0.015069242894801996440756752804	-0.011645759798433918258409036639	-0.010758063737888465608016907993	-0.373187202006334151072053373355	-3.734006895261201997016087261727	12.315858022120790948861213109922	12.391899311505321534809809236322	-0.000019206322368413137843291827	0.000257930084674274121784437463	0.506614734305928404722862978815	-0.050944804511367423882628457932	-0.131566487066684861817478235935	0.197015928053393185592767622438
88426.317314843065105378627777099609	0.015069242894801996440756752804	0.005064851585927913381335319087	-0.017710176906690518888742857939	1.033866694089104587561678272323	-3.571492062013589485758302544127	-5.617247759041863020001983386464	19.628672711406618844875993090682	0.000043915118526084863772099287	0.000430933896665801276400220576	0.492627530415245096229170940205	0.150417191160385849135749936067	-0.193526295109855528409070757334	-0.044574662793693167750497252655
88968.810059297713451087474822998047	0.015069242894801996440756752804	0.016643866073311069236906334368	-0.005182533426879172219758906692	2.421816138553589237147889434709	-2.739448599336775647117292464827	-18.167000912200066409241117071360	6.251257968949295751315275992965	-0.000077135587018940413939552259	0.000532857838223797634392975286	0.392733371391763952384934555084	0.345950949750436498320027567388	-0.036761487264743653025078629071	-0.209932257580118908357746931870
89511.302803752361796796321868896484	0.015069242894801996440756752804	0.006454384630857867323483478827	0.012555488320236349655822927218	3.399959454789539314845114859054	-1.464962873112688024335170666745	-7.781858792904738031381839391543	-12.718823955827270211216273310129	-0.000302366403633460623968931547	0.000398266882970378167157926574	0.211593782249795053784779952366	0.469451339477983287107321075382	0.253505038894692669160235709569	-0.105866829194680614478762947783
90053.795548207010142505168914794922	0.015069242894801996440756752804	-0.014988553530894087317815177585	0.002173418888247678412706243023	3.723439669153557396441556193167	-0.120471396092545049438804483088	14.592308856147720774742992944084	-2.241552304702444153861051745480	-0.000081471180953726429025893441	0.000032445040526854474188106492	0.014452384223608429059115820792	0.509093616853839470159925895132	0.081047281353187117236558378863	0.265624714743786682902282336727
90596.288292661658488214015960693359	0.015069242894801996440756752804	-0.007112962556552678526633481937	-0.017518694615729048930097278003	3.423180697051003473774244412198	1.287697046511254050926709169289	6.429024728582292347311977209756	17.973069209248013322621773113497	0.000233844292295169519724576390	0.000193252324828326602686873192	-0.190441966021247965912266408850	0.482938615200459109288999570708	-0.188036363449075094589346690555	0.104938771992481083561443711005
91138.781037116306833922863006591797	0.015069242894801996440756752804	0.010652295369087506210492577452	-0.016614602674004129434504051233	2.511711255177439205965583823854	2.643133481582718324887082417263	-11.915079555022332513658511743415	16.619785016338649796807658276521	0.000256734867060689087719937973	0.000444428090029660397431571228	-0.376939807852537389631919495514	0.360923687521538583133917654777	-0.156183141989661433690628200566	-0.121745902722740509394050434366
91681.273781570955179631710052490234	0.015069242894801996440756752804	0.016389257269944293438079796488	0.000672390507774051028253015083	1.254305907116828100456018546538	3.516434574457116379875287748291	-17.550608407235873897889177897014	-1.757520805388074869313186354702	0.000071743114171004336750148145	0.000594648296482044782379494663	-0.480263761457354110273598735148	0.175148188948428568112447578642	0.068615337754537361614204371563	-0.223543327859138024615859308142
92223.766526025603525340557098388672	0.015069242894801996440756752804	-0.002532289546412231067556986019	0.011849159067371200365625938389	-0.126965443807673106224598313929	3.733110775615138265948189655319	2.691716738424567267884413013235	-13.535039114216754541075715678744	-0.000126520651370487632794009647	0.000371758559836891282548987370	-0.511253126286372983066996766865	-0.022319176702631868952630966874	0.285663766629598359081398939452	0.069158851576842969577363362532
92766.259270480251871049404144287109	0.015069242894801996440756752804	-0.013678717712172246481761028747	-0.007994857984553804114424835348	-1.611446876475050693500179477269	3.271692574679957665750862361165	14.817046780511786252532147045713	7.398561454734929654364350426476	0.000196216371875779959288096932	0.000267495544764270937795197502	-0.467609668854239601820665939158	-0.231658060484691979974414266508	-0.065614640499760831793274462598	0.241101232624542860527583343355
93308.752014934900216758251190185547	0.015069242894801996440756752804	0.001442953337051449975297900963	-0.019856586250955959860320376720	-2.887285947252544282548569753999	2.251569607148979024202617438277	-0.647623595137888807826698212011	20.134448390626253910795639967546	0.000285376830019248752933619384	0.000534400000085224233074832068	-0.325457630499316863392778031994	-0.402734002087612397158267185659	-0.201613207083696233112846130098	0.012623630375110913084957253716
93851.244759389548562467098236083984	0.015069242894801996440756752804	0.016671805199836804700641579302	-0.010838774683911148871695573348	-3.585640564079514369666412676452	1.000669574256408012047359079588	-16.397524241258700783419044455513	11.058821036485436906104951049201	0.000128492752960668359324750143	0.000746566705841081161044991976	-0.138937409803425393484133110178	-0.488989255224205776606538620399	-0.093055444782747701037983745209	-0.183888870956148808843977349170
94393.737503844196908175945281982422	0.015069242894801996440756752804	0.013161185323723416720764767263	0.009027656179012058870747559070	-3.662150724393699263714552216697	-0.382245352645592895157733437372	-12.695678267762346536073891911656	-9.346036936852737397884993697517	-0.000199557018169201197182668905	0.000747509316808671244597439554	0.061478963143621757903023450353	-0.510968910003439913403155969718	0.190713797484938996085190865415	-0.178295447092209291550801708581
94936.230248298845253884792327880859	0.015069242894801996440756752804	-0.010366904253994373846792242944	0.007944753338672184625468553065	-3.119953197522312482448114678846	-1.887633327931920401709930956713	11.798125375841275186417078657541	-7.760470163516999697606024710694	-0.000249489930068948000899814454	0.000343979885760831768232170802	0.271415832617037833252027212438	-0.446616333379185437291170046592	0.180181275099344284651436964850	0.225312852808755875733126572413
95478.722992753493599593639373779297	0.015069242894801996440756752804	-0.009625659719136096109659561648	-0.013348824305607782589322418687	-2.063332983463181502514771636925	-3.096495001606489605450178714818	10.704968027325511670255764329340	14.915990333649549626215957687236	0.000026740682835771353240963619	0.000358924673681177298228961448	0.424113392225773211396955275632	-0.290493930690244595016480388949	-0.155014049688881910826765420097	0.162905193694278943583597651923
96021.215737208141945302486419677734	0.015069242894801996440756752804	0.007470718838555997533268371313	-0.017143426994531307805402775557	-0.777617029181141838911628383357	-3.673015607686137773413292961777	-7.596069553321514788990498345811	19.065148083230134545829059788957	0.000032734129732322353196344311	0.000529842811657824813188766289	0.498650859110846056410082383081	-0.103863255495781389714515796641	-0.183612942677777807309880131470	-0.072088869107453185103295822955
96563.708481662790291011333465576172	0.015069242894801996440756752804	0.017082203324084610507327397499	-0.002398754936732997063153494111	0.698871689678242535848085026373	-3.605568893823431153577985242009	-18.110469543123517865979010821320	3.593344768978813164039820549078	-0.000142917228840377800221789206	0.000614398434681452773782617260	0.509066851740786474600497513165	0.103377078321222878876106676671	-0.002658813468553932087001800966	-0.222750654489677429870297942216
97106.201226117438636720180511474609	0.015069242894801996440756752804	0.002822786222555254478927544426	0.013930274924193734864541482921	2.183525886650948155676132955705	-2.917219703646380501993462530663	-3.611917575366772936718007258605	-13.724689603076448918272944865748	-0.000390691495176412925249137542	0.000385574239808522613477681507	0.420699289157072053857433502344	0.307878618907709011853768288347	0.283454076767145457527163898703	-0.044187415534696926344704337453
97648.693970572086982429027557373047	0.015069242894801996440756752804	-0.015766169111509804878767937453	-0.001059867796410064559597952183	3.223852010614610463790086214431	-1.849772522298746890712095591880	15.556794133382885192418143560644	1.664543082972600895885761929094	-0.000091912722919751293549663063	0.000054400574811122014162474009	0.257132245358327127249253862828	0.441252135111726728755598969656	0.019325741322913717046283466061	0.262929679099558444299589154980
98191.186715026735328137874603271484	0.015069242894801996440756752804	-0.005175127179694783211005848500	-0.018191304140322873267310299639	3.675800834043613019019858256797	-0.562249322855449040758912815363	4.322639803174888939452102931682	19.231838896354553014589328086004	0.000165938924592260036387086908	0.000217828214005267678477981153	0.069196163157984089120411397289	0.507494570864237770635440938349	-0.194616594722367503011994926965	0.071832057451622965960069677749
98733.679459481383673846721649169922	0.015069242894801996440756752804	0.011774561978694432148873083577	-0.014696742404780581067735845124	3.520757417117346577128955686931	0.977603673330962208432026727678	-13.393282516212334343208567588590	15.108666214728446064441413909663	0.000173622122922702872048830725	0.000427009558209128718252872714	-0.145013861129840021524373128159	0.502215368551669594232578219817	-0.138529228215537258961376210209	-0.145797913029099973636348863693
